5 1000 2.146 11.622
5 1500 3.316 16.828
5 2000 5.016 22.957
5 2500 7.389 29.124
5 3000 10.088 35.35
5 5000 24.444 60.37
5 10000 82.2 128.596
5 15000 211.922 196.028
5 20000 484.682 284.928
5 25000 1089.826 442.052
5 30000 1838.908 612.548
20 1000 7711.919 57.636
20 1000 7789.52 51.17
20 1500 19334.375 73.795
20 2000 32840.565 92.08
20 2500 48562.88 112.48
20 3000 62388.36 134.38
20 5000 100164.41 208.22
20 10000 73261.7 370.23
20 15000 37351.49 569.79
20 20000 1240.21 809.66
20 25000 2848.16 1085.63
20 30000 5660.57 1354.2
