argument: random view; (20, 50, 400, 5000); 3.4GHZ, 4.0G
0
87846
641
1
386
214
2
255913
198
3
82327
264
4
260
159
5
83852
213
6
166828
261
7
329593
168
8
171485
212
9
170832
248
10
169561
181
11
83021
204
12
297
235
13
256251
188
14
261238
194
15
291
231
16
165386
171
17
84306
196
18
88048
225
19
275
272
20
526282
198
21
86512
229
22
83430
271
23
429510
191
24
168809
329
25
85624
270
26
86156
179
27
424
195
28
174967
244
29
172044
177
30
171673
192
31
83930
233
32
168472
164
33
85933
202
34
85351
248
35
282
164
36
89416
181
37
83719
237
38
168446
280
39
289
178
40
419
203
41
86998
278
42
256907
180
43
86046
194
44
172168
260
45
86170
179
46
88420
198
47
253436
205
48
284
159
49
83340
189
50
83076
200
51
170607
163
52
85638
194
53
415
196
54
259143
318
55
289
185
56
422
205
57
270
299
58
85603
203
59
401
201
60
174449
447
61
286
174
62
409
190
63
407
231
64
86376
158
65
169003
187
66
174286
232
67
233
489
68
172628
489
69
87125
223
70
169706
292
71
353213
197
72
172643
200
73
84947
206
74
237
443
75
85155
227
76
260100
234
77
255946
462
78
172660
204
79
261854
244
80
87613
475
81
166629
196
82
352
225
83
87394
1183
84
84034
222
85
718
195
86
251783
874
87
81847
184
88
84820
177
89
258789
844
90
121
180
91
165410
187
92
206
272
93
82985
160
94
87934
188
95
83605
210
96
197
179
97
87683
187
98
164485
635
99
131
177
Closure:11467716
ReadInc:25725


arguments: (20, 50, 400, 5000), random view; 2.4GHZ, 2.0G
0
258107
1912
1
240620
1533
2
237233
1078
3
503163
1389
4
500808
609
5
494880
812
6
746337
1545
7
235592
1140
8
437
1497
9
252237
1124
10
469779
1514
11
242643
1230
12
245170
1514
13
239928
1171
14
452
1498
15
246449
1140
16
500730
1514
17
375
1107
18
499
1482
19
374
640
20
241722
859
21
238619
1077
22
499
1451
23
489295
640
24
734
827
25
1201032
1093
26
490558
1390
27
453
592
28
718
796
29
248976
609
30
248275
796
31
532
593
32
493680
1389
33
238166
640
34
494927
890
35
391
1279
36
452
609
37
489139
906
38
486800
703
39
239367
921
40
360
1357
41
743139
656
42
250459
905
43
501
686
44
718
624
45
343
1388
46
437
671
47
702
920
48
374
1357
49
452
655
50
504100
953


arguments: (5, 100, 400, 10000), random view; 2.4GHZ, 2.0G
0
771
936
1
718
1046
2
686
1171
3
671
1249
4
562
703
5
672
874
6
609
749
7
561
661
8
779
1264
9
562
718
10
671
1077
11
624
765
12
578
702
13
671
1280
14
608
766
15
640
1186
16
421
890
17
469
1155
18
437
1123
19
764
625
20
797
608
21
532
608
22
670
684
23
687
733
24
655
703
25
1046
1077
26
920
1234
27
577
687
28
672
593
29
531
624
30
686
719
31
594
749
32
640
703
33
859
905
34
764
1093
35
765
1124
36
780
1171
37
655
1296
38
562
687
39
656
1263
40
577
719
41
563
702
42
764
594
43
360
983
44
561
1125
45
437
1234
46
437
1031
47
436
906
48
391
1014
49
484
1171
50
453
1280
51
609
796
52
625
577
53
578
624
54
749
1280
55
562
718
56
672
936
57
717
781
58
609
718
59
686
1077
60
608
750
61
672
952
62
718
765
63
609
671
64
670
1202
65
764
1218
66
577
719
67
687
936
68
749
765
69
610
1107
70
670
610
71
703
1232
72
561
703
73
688
936
74
734
781
75
609
1124
76
687
625
77
703
1263
78
577
718
79
625
702
80
687
593
81
344
983
82
796
640
83
656
749
84
640
781
85
657
1341
86
562
609
87
792
624
88
733
1265
89
593
703
90
672
936
91
718
781
92
625
1123
93
671
609
94
688
1263
95
577
719
96
594
671
97
812
1358
98
530
812
99
593
1311
Closure:63953
ReadInc:90117


arguments: (20, 100, 40, 1000), random view; 3.4GHZ, 4.0G
0
5883
342
1
6201
80
2
8083
89
3
8204
375
4
7408
60
5
7017
55
6
6652
79
7
7039
53
8
7054
68
9
6885
52
10
8939
67
11
7587
54
12
8911
81
13
7262
57
14
5292
49
15
7523
70
16
3791
44
17
7589
48
18
6359
54
19
6883
50
20
8048
53
21
7056
68
22
6172
49
23
5208
43
24
7304
80
25
7337
47
26
8555
49
27
9305
48
28
5175
61
29
7561
50
30
7076
45
31
7663
80
32
6742
49
33
4889
45
34
5968
45
35
8387
46
36
7755
48
37
9007
53
38
6947
48
39
9320
50
40
6694
47
41
6135
45
42
5946
45
43
7452
92
44
5673
44
45
4677
42
46
9918
72
47
5570
46
48
8696
47
49
7041
46
50
3738
42
51
9144
109
52
9634
48
53
5746
93
54
8543
49
55
5556
46
56
8663
53
57
7387
47
58
6505
59
59
7534
45
60
8711
66
61
8508
49
62
8819
59
63
7547
47
64
8892
59
65
6235
45
66
6877
45
67
6903
76
68
5689
43
69
7516
65
70
7369
91
71
5865
44
72
7872
62
73
7091
91
74
7029
46
75
6506
55
76
6152
75
77
7028
46
78
5355
44
79
7366
54
80
8521
62
81
6346
62
82
6320
70
83
6583
69
84
7661
68
85
7716
84
86
8310
64
87
6551
55
88
6212
43
89
6878
75
90
4663
65
91
8187
92
92
6952
71
93
6434
59
94
7314
53
95
7214
45
96
6209
44
97
7331
45
98
5963
45
99
5483
52
Closure:706467
ReadInc:6386